-6.151972635089295594e-01
6.007100678200430366e+00
-4.601644671888705851e+00
-2.064448638846662476e+01
2.186940153132516329e+00
2.247437962663449529e+00
8.653190338665677217e+00
1.019493851123922923e+01
-8.937453137649733037e+00
-2.768254499612107011e+00
2.743349252742936617e+00
1.192708293401978231e-01
-9.782993289971457784e+00
9.431117113424326348e+00
3.879600099712225525e+00
2.423031707293258208e+01
-8.202365075586568466e+00
9.839605031854373962e+00
7.144072867659502002e+00
-1.617244879908525235e+01
-6.829571991066743841e+00
-2.038574907316730744e+00
3.232384422162219551e+00
-8.315405494242815720e-01
3.595661895198654534e+00
1.808270026018627163e+01
1.281050387333044149e+01
2.823935247878007204e-01
2.856768012994324923e+00
-4.157926060454696149e+00
-1.144888810248439803e+01
5.484223920937880692e+00
1.044756959737833846e+01
-1.431535051010391868e+01
1.366024690636856675e+01
-3.029270323241370910e+00
6.787651105914410010e+00
6.066895004934928615e+00
3.321328035708985826e+00
7.335325582501925012e+00
6.423742287153157982e+00
-2.291723070845935961e+00
-1.105608371625224251e+01
-1.779453053023579923e+00
-1.581451011986009236e-01
-5.864280974511697497e-01
5.266934425377039375e+00
9.735778777431537689e-02
8.583866297973598236e+00
3.828470984208926176e+00
-9.855947536073029980e+00
-5.896033443695784193e+00
8.785966410003259952e+00
-1.125269002385321215e+01
-1.043710686738298143e+01
-1.126882309009903338e+01
-4.114735423327476660e+00
-3.737787322573897342e+00
1.043316640448124444e+00
7.946875126943921508e+00
1.057362427675742289e+00
-8.900050810731395146e+00
-4.123729003120999437e+00
1.133102235993055373e+01
-1.713622335812529585e+01
-2.682640933179265996e+00
-1.195980252920821307e+01
-1.855438338461370407e+00
2.275703209967228346e+01
9.044238323015598713e-01
-1.326363315703370027e+01
-1.933976639703445466e+00
-2.805655694436876146e+01
-2.092818965797151431e+00
2.948865652947892269e+00
1.013413508485821879e+01
8.123281932037725639e+00
7.337815897383442199e+00
-1.535617255312979212e+00
-3.846253289821571553e+00
-1.044259644756779082e+01
8.821789546112471569e+00
1.002859199326269435e+00
1.511927404895122073e+01
-8.338338167073371388e-01
7.385003274022475139e+00
4.778922713633135366e+00
-1.949689281716022737e+00
8.726420652932903366e+00
-1.482052471582011322e+01
-3.235548703514007141e+00
1.628107596150554781e-01
2.324798722517734006e+00
-1.268584064244953957e+01
6.922503748746577923e-02
-1.032866409591266255e+01
-6.131961702681818949e+00
-7.504331668119288423e+00
1.308911610206303600e+01
4.629378805281598730e+00
